0.000000000000000000e+00
8.860000000000000000e+02
9.990000000000000000e+02
8.640000000000000000e+02
7.010000000000000000e+02
7.950000000000000000e+02
9.260000000000000000e+02
9.830000000000000000e+02
0.000000000000000000e+00
0.000000000000000000e+00
0.000000000000000000e+00
0.000000000000000000e+00
0.000000000000000000e+00
0.000000000000000000e+00
0.000000000000000000e+00
0.000000000000000000e+00
0.000000000000000000e+00
0.000000000000000000e+00
0.000000000000000000e+00
0.000000000000000000e+00
0.000000000000000000e+00
0.000000000000000000e+00
0.000000000000000000e+00
0.000000000000000000e+00
0.000000000000000000e+00
0.000000000000000000e+00
0.000000000000000000e+00
0.000000000000000000e+00
0.000000000000000000e+00
0.000000000000000000e+00
0.000000000000000000e+00
8.860000000000000000e+02
0.000000000000000000e+00
8.720000000000000000e+02
0.000000000000000000e+00
9.150000000000000000e+02
9.460000000000000000e+02
0.000000000000000000e+00
8.970000000000000000e+02
0.000000000000000000e+00
0.000000000000000000e+00
0.000000000000000000e+00
7.480000000000000000e+02
0.000000000000000000e+00
0.000000000000000000e+00
0.000000000000000000e+00
0.000000000000000000e+00
0.000000000000000000e+00
0.000000000000000000e+00
0.000000000000000000e+00
0.000000000000000000e+00
0.000000000000000000e+00
0.000000000000000000e+00
7.630000000000000000e+02
0.000000000000000000e+00
8.470000000000000000e+02
8.170000000000000000e+02
0.000000000000000000e+00
9.350000000000000000e+02
0.000000000000000000e+00
9.950000000000000000e+02
9.950000000000000000e+02
9.990000000000000000e+02
8.720000000000000000e+02
0.000000000000000000e+00
9.880000000000000000e+02
9.680000000000000000e+02
0.000000000000000000e+00
0.000000000000000000e+00
9.990000000000000000e+02
0.000000000000000000e+00
0.000000000000000000e+00
0.000000000000000000e+00
0.000000000000000000e+00
0.000000000000000000e+00
0.000000000000000000e+00
0.000000000000000000e+00
0.000000000000000000e+00
0.000000000000000000e+00
0.000000000000000000e+00
0.000000000000000000e+00
0.000000000000000000e+00
0.000000000000000000e+00
0.000000000000000000e+00
0.000000000000000000e+00
0.000000000000000000e+00
0.000000000000000000e+00
9.520000000000000000e+02
0.000000000000000000e+00
9.690000000000000000e+02
0.000000000000000000e+00
0.000000000000000000e+00
0.000000000000000000e+00
8.640000000000000000e+02
0.000000000000000000e+00
9.880000000000000000e+02
0.000000000000000000e+00
0.000000000000000000e+00
0.000000000000000000e+00
9.260000000000000000e+02
8.440000000000000000e+02
0.000000000000000000e+00
0.000000000000000000e+00
0.000000000000000000e+00
0.000000000000000000e+00
0.000000000000000000e+00
0.000000000000000000e+00
0.000000000000000000e+00
0.000000000000000000e+00
0.000000000000000000e+00
0.000000000000000000e+00
0.000000000000000000e+00
0.000000000000000000e+00
0.000000000000000000e+00
0.000000000000000000e+00
0.000000000000000000e+00
0.000000000000000000e+00
0.000000000000000000e+00
0.000000000000000000e+00
0.000000000000000000e+00
0.000000000000000000e+00
0.000000000000000000e+00
0.000000000000000000e+00
0.000000000000000000e+00
7.010000000000000000e+02
9.150000000000000000e+02
9.680000000000000000e+02
0.000000000000000000e+00
0.000000000000000000e+00
7.700000000000000000e+02
0.000000000000000000e+00
7.110000000000000000e+02
0.000000000000000000e+00
8.090000000000000000e+02
8.630000000000000000e+02
7.070000000000000000e+02
8.870000000000000000e+02
8.840000000000000000e+02
0.000000000000000000e+00
9.740000000000000000e+02
0.000000000000000000e+00
8.210000000000000000e+02
7.020000000000000000e+02
0.000000000000000000e+00
0.000000000000000000e+00
0.000000000000000000e+00
0.000000000000000000e+00
8.720000000000000000e+02
9.930000000000000000e+02
8.220000000000000000e+02
8.000000000000000000e+02
9.230000000000000000e+02
0.000000000000000000e+00
0.000000000000000000e+00
0.000000000000000000e+00
7.950000000000000000e+02
9.460000000000000000e+02
0.000000000000000000e+00
0.000000000000000000e+00
7.700000000000000000e+02
0.000000000000000000e+00
0.000000000000000000e+00
7.160000000000000000e+02
9.000000000000000000e+02
9.460000000000000000e+02
9.800000000000000000e+02
9.990000000000000000e+02
9.920000000000000000e+02
9.960000000000000000e+02
0.000000000000000000e+00
8.560000000000000000e+02
0.000000000000000000e+00
0.000000000000000000e+00
0.000000000000000000e+00
0.000000000000000000e+00
0.000000000000000000e+00
0.000000000000000000e+00
0.000000000000000000e+00
0.000000000000000000e+00
7.850000000000000000e+02
7.670000000000000000e+02
9.400000000000000000e+02
7.250000000000000000e+02
0.000000000000000000e+00
0.000000000000000000e+00
0.000000000000000000e+00
9.260000000000000000e+02
0.000000000000000000e+00
0.000000000000000000e+00
9.260000000000000000e+02
0.000000000000000000e+00
0.000000000000000000e+00
0.000000000000000000e+00
0.000000000000000000e+00
0.000000000000000000e+00
0.000000000000000000e+00
0.000000000000000000e+00
0.000000000000000000e+00
0.000000000000000000e+00
0.000000000000000000e+00
0.000000000000000000e+00
0.000000000000000000e+00
0.000000000000000000e+00
0.000000000000000000e+00
9.300000000000000000e+02
0.000000000000000000e+00
0.000000000000000000e+00
7.700000000000000000e+02
0.000000000000000000e+00
0.000000000000000000e+00
9.840000000000000000e+02
0.000000000000000000e+00
0.000000000000000000e+00
0.000000000000000000e+00
0.000000000000000000e+00
0.000000000000000000e+00
0.000000000000000000e+00
9.830000000000000000e+02
8.970000000000000000e+02
9.990000000000000000e+02
8.440000000000000000e+02
7.110000000000000000e+02
7.160000000000000000e+02
0.000000000000000000e+00
0.000000000000000000e+00
0.000000000000000000e+00
0.000000000000000000e+00
0.000000000000000000e+00
0.000000000000000000e+00
0.000000000000000000e+00
0.000000000000000000e+00
0.000000000000000000e+00
0.000000000000000000e+00
0.000000000000000000e+00
0.000000000000000000e+00
0.000000000000000000e+00
0.000000000000000000e+00
0.000000000000000000e+00
0.000000000000000000e+00
0.000000000000000000e+00
0.000000000000000000e+00
0.000000000000000000e+00
0.000000000000000000e+00
0.000000000000000000e+00
7.320000000000000000e+02
0.000000000000000000e+00
0.000000000000000000e+00
0.000000000000000000e+00
0.000000000000000000e+00
0.000000000000000000e+00
0.000000000000000000e+00
0.000000000000000000e+00
0.000000000000000000e+00
9.000000000000000000e+02
0.000000000000000000e+00
0.000000000000000000e+00
0.000000000000000000e+00
8.010000000000000000e+02
9.050000000000000000e+02
9.090000000000000000e+02
9.740000000000000000e+02
9.870000000000000000e+02
0.000000000000000000e+00
0.000000000000000000e+00
0.000000000000000000e+00
0.000000000000000000e+00
0.000000000000000000e+00
0.000000000000000000e+00
0.000000000000000000e+00
0.000000000000000000e+00
0.000000000000000000e+00
0.000000000000000000e+00
0.000000000000000000e+00
0.000000000000000000e+00
0.000000000000000000e+00
0.000000000000000000e+00
0.000000000000000000e+00
0.000000000000000000e+00
0.000000000000000000e+00
0.000000000000000000e+00
0.000000000000000000e+00
0.000000000000000000e+00
0.000000000000000000e+00
8.090000000000000000e+02
9.460000000000000000e+02
0.000000000000000000e+00
0.000000000000000000e+00
8.010000000000000000e+02
0.000000000000000000e+00
9.840000000000000000e+02
9.430000000000000000e+02
9.660000000000000000e+02
9.830000000000000000e+02
0.000000000000000000e+00
0.000000000000000000e+00
0.000000000000000000e+00
0.000000000000000000e+00
0.000000000000000000e+00
0.000000000000000000e+00
0.000000000000000000e+00
0.000000000000000000e+00
0.000000000000000000e+00
0.000000000000000000e+00
0.000000000000000000e+00
7.380000000000000000e+02
8.300000000000000000e+02
0.000000000000000000e+00
0.000000000000000000e+00
0.000000000000000000e+00
0.000000000000000000e+00
0.000000000000000000e+00
0.000000000000000000e+00
0.000000000000000000e+00
0.000000000000000000e+00
8.630000000000000000e+02
9.800000000000000000e+02
0.000000000000000000e+00
0.000000000000000000e+00
9.050000000000000000e+02
9.840000000000000000e+02
0.000000000000000000e+00
7.640000000000000000e+02
9.830000000000000000e+02
9.830000000000000000e+02
0.000000000000000000e+00
0.000000000000000000e+00
0.000000000000000000e+00
0.000000000000000000e+00
0.000000000000000000e+00
0.000000000000000000e+00
0.000000000000000000e+00
0.000000000000000000e+00
0.000000000000000000e+00
0.000000000000000000e+00
0.000000000000000000e+00
8.610000000000000000e+02
7.370000000000000000e+02
8.590000000000000000e+02
0.000000000000000000e+00
0.000000000000000000e+00
0.000000000000000000e+00
0.000000000000000000e+00
7.480000000000000000e+02
0.000000000000000000e+00
0.000000000000000000e+00
7.070000000000000000e+02
9.990000000000000000e+02
0.000000000000000000e+00
0.000000000000000000e+00
9.090000000000000000e+02
9.430000000000000000e+02
7.640000000000000000e+02
0.000000000000000000e+00
9.930000000000000000e+02
9.930000000000000000e+02
0.000000000000000000e+00
0.000000000000000000e+00
0.000000000000000000e+00
0.000000000000000000e+00
0.000000000000000000e+00
0.000000000000000000e+00
0.000000000000000000e+00
0.000000000000000000e+00
0.000000000000000000e+00
0.000000000000000000e+00
0.000000000000000000e+00
0.000000000000000000e+00
8.100000000000000000e+02
0.000000000000000000e+00
0.000000000000000000e+00
0.000000000000000000e+00
0.000000000000000000e+00
0.000000000000000000e+00
0.000000000000000000e+00
0.000000000000000000e+00
0.000000000000000000e+00
8.870000000000000000e+02
9.920000000000000000e+02
0.000000000000000000e+00
0.000000000000000000e+00
9.740000000000000000e+02
9.660000000000000000e+02
9.830000000000000000e+02
9.930000000000000000e+02
0.000000000000000000e+00
9.800000000000000000e+02
0.000000000000000000e+00
0.000000000000000000e+00
0.000000000000000000e+00
0.000000000000000000e+00
0.000000000000000000e+00
0.000000000000000000e+00
0.000000000000000000e+00
0.000000000000000000e+00
0.000000000000000000e+00
0.000000000000000000e+00
0.000000000000000000e+00
7.330000000000000000e+02
9.930000000000000000e+02
8.190000000000000000e+02
0.000000000000000000e+00
0.000000000000000000e+00
0.000000000000000000e+00
0.000000000000000000e+00
0.000000000000000000e+00
0.000000000000000000e+00
0.000000000000000000e+00
8.840000000000000000e+02
9.960000000000000000e+02
0.000000000000000000e+00
0.000000000000000000e+00
9.870000000000000000e+02
9.830000000000000000e+02
9.830000000000000000e+02
9.930000000000000000e+02
9.800000000000000000e+02
0.000000000000000000e+00
0.000000000000000000e+00
8.150000000000000000e+02
0.000000000000000000e+00
0.000000000000000000e+00
0.000000000000000000e+00
0.000000000000000000e+00
0.000000000000000000e+00
0.000000000000000000e+00
0.000000000000000000e+00
0.000000000000000000e+00
0.000000000000000000e+00
7.190000000000000000e+02
9.960000000000000000e+02
8.840000000000000000e+02
0.000000000000000000e+00
0.000000000000000000e+00
0.000000000000000000e+00
0.000000000000000000e+00
0.000000000000000000e+00
0.000000000000000000e+00
0.000000000000000000e+00
0.000000000000000000e+00
0.000000000000000000e+00
0.000000000000000000e+00
0.000000000000000000e+00
0.000000000000000000e+00
0.000000000000000000e+00
0.000000000000000000e+00
0.000000000000000000e+00
0.000000000000000000e+00
0.000000000000000000e+00
0.000000000000000000e+00
9.200000000000000000e+02
9.830000000000000000e+02
8.390000000000000000e+02
8.600000000000000000e+02
9.500000000000000000e+02
9.710000000000000000e+02
9.760000000000000000e+02
9.830000000000000000e+02
9.900000000000000000e+02
9.940000000000000000e+02
0.000000000000000000e+00
0.000000000000000000e+00
0.000000000000000000e+00
0.000000000000000000e+00
0.000000000000000000e+00
0.000000000000000000e+00
0.000000000000000000e+00
0.000000000000000000e+00
0.000000000000000000e+00
0.000000000000000000e+00
9.740000000000000000e+02
8.560000000000000000e+02
0.000000000000000000e+00
0.000000000000000000e+00
0.000000000000000000e+00
0.000000000000000000e+00
0.000000000000000000e+00
0.000000000000000000e+00
0.000000000000000000e+00
8.150000000000000000e+02
9.200000000000000000e+02
0.000000000000000000e+00
9.070000000000000000e+02
7.330000000000000000e+02
0.000000000000000000e+00
9.240000000000000000e+02
9.510000000000000000e+02
9.610000000000000000e+02
9.420000000000000000e+02
9.650000000000000000e+02
9.760000000000000000e+02
8.930000000000000000e+02
8.740000000000000000e+02
9.550000000000000000e+02
0.000000000000000000e+00
0.000000000000000000e+00
0.000000000000000000e+00
0.000000000000000000e+00
0.000000000000000000e+00
0.000000000000000000e+00
0.000000000000000000e+00
0.000000000000000000e+00
0.000000000000000000e+00
0.000000000000000000e+00
0.000000000000000000e+00
0.000000000000000000e+00
0.000000000000000000e+00
0.000000000000000000e+00
0.000000000000000000e+00
0.000000000000000000e+00
0.000000000000000000e+00
9.830000000000000000e+02
9.070000000000000000e+02
0.000000000000000000e+00
8.770000000000000000e+02
9.830000000000000000e+02
9.780000000000000000e+02
9.940000000000000000e+02
9.770000000000000000e+02
9.750000000000000000e+02
9.950000000000000000e+02
9.930000000000000000e+02
8.540000000000000000e+02
0.000000000000000000e+00
0.000000000000000000e+00
0.000000000000000000e+00
0.000000000000000000e+00
0.000000000000000000e+00
0.000000000000000000e+00
0.000000000000000000e+00
0.000000000000000000e+00
0.000000000000000000e+00
8.210000000000000000e+02
0.000000000000000000e+00
0.000000000000000000e+00
0.000000000000000000e+00
0.000000000000000000e+00
0.000000000000000000e+00
0.000000000000000000e+00
0.000000000000000000e+00
0.000000000000000000e+00
0.000000000000000000e+00
8.390000000000000000e+02
7.330000000000000000e+02
8.770000000000000000e+02
0.000000000000000000e+00
7.740000000000000000e+02
0.000000000000000000e+00
0.000000000000000000e+00
8.700000000000000000e+02
7.300000000000000000e+02
9.940000000000000000e+02
9.220000000000000000e+02
9.840000000000000000e+02
0.000000000000000000e+00
7.880000000000000000e+02
0.000000000000000000e+00
0.000000000000000000e+00
0.000000000000000000e+00
0.000000000000000000e+00
0.000000000000000000e+00
0.000000000000000000e+00
0.000000000000000000e+00
7.020000000000000000e+02
0.000000000000000000e+00
9.300000000000000000e+02
0.000000000000000000e+00
0.000000000000000000e+00
0.000000000000000000e+00
0.000000000000000000e+00
0.000000000000000000e+00
0.000000000000000000e+00
0.000000000000000000e+00
8.600000000000000000e+02
0.000000000000000000e+00
9.830000000000000000e+02
7.740000000000000000e+02
0.000000000000000000e+00
0.000000000000000000e+00
9.030000000000000000e+02
9.830000000000000000e+02
8.290000000000000000e+02
9.990000000000000000e+02
9.990000000000000000e+02
8.690000000000000000e+02
0.000000000000000000e+00
0.000000000000000000e+00
0.000000000000000000e+00
0.000000000000000000e+00
0.000000000000000000e+00
0.000000000000000000e+00
0.000000000000000000e+00
0.000000000000000000e+00
0.000000000000000000e+00
0.000000000000000000e+00
0.000000000000000000e+00
0.000000000000000000e+00
0.000000000000000000e+00
0.000000000000000000e+00
0.000000000000000000e+00
0.000000000000000000e+00
0.000000000000000000e+00
0.000000000000000000e+00
0.000000000000000000e+00
9.500000000000000000e+02
9.240000000000000000e+02
9.780000000000000000e+02
0.000000000000000000e+00
0.000000000000000000e+00
0.000000000000000000e+00
9.830000000000000000e+02
9.860000000000000000e+02
9.690000000000000000e+02
9.870000000000000000e+02
9.860000000000000000e+02
0.000000000000000000e+00
0.000000000000000000e+00
0.000000000000000000e+00
0.000000000000000000e+00
0.000000000000000000e+00
0.000000000000000000e+00
0.000000000000000000e+00
0.000000000000000000e+00
0.000000000000000000e+00
0.000000000000000000e+00
0.000000000000000000e+00
0.000000000000000000e+00
0.000000000000000000e+00
0.000000000000000000e+00
0.000000000000000000e+00
0.000000000000000000e+00
0.000000000000000000e+00
0.000000000000000000e+00
0.000000000000000000e+00
0.000000000000000000e+00
9.710000000000000000e+02
9.510000000000000000e+02
9.940000000000000000e+02
0.000000000000000000e+00
9.030000000000000000e+02
9.830000000000000000e+02
0.000000000000000000e+00
9.820000000000000000e+02
9.790000000000000000e+02
9.940000000000000000e+02
9.950000000000000000e+02
7.130000000000000000e+02
0.000000000000000000e+00
0.000000000000000000e+00
0.000000000000000000e+00
0.000000000000000000e+00
0.000000000000000000e+00
0.000000000000000000e+00
0.000000000000000000e+00
0.000000000000000000e+00
0.000000000000000000e+00
0.000000000000000000e+00
0.000000000000000000e+00
7.700000000000000000e+02
0.000000000000000000e+00
0.000000000000000000e+00
0.000000000000000000e+00
0.000000000000000000e+00
0.000000000000000000e+00
0.000000000000000000e+00
0.000000000000000000e+00
9.760000000000000000e+02
9.610000000000000000e+02
9.770000000000000000e+02
8.700000000000000000e+02
9.830000000000000000e+02
9.860000000000000000e+02
9.820000000000000000e+02
0.000000000000000000e+00
9.910000000000000000e+02
9.970000000000000000e+02
9.930000000000000000e+02
8.650000000000000000e+02
0.000000000000000000e+00
0.000000000000000000e+00
0.000000000000000000e+00
0.000000000000000000e+00
0.000000000000000000e+00
0.000000000000000000e+00
7.630000000000000000e+02
0.000000000000000000e+00
0.000000000000000000e+00
0.000000000000000000e+00
0.000000000000000000e+00
0.000000000000000000e+00
0.000000000000000000e+00
0.000000000000000000e+00
0.000000000000000000e+00
0.000000000000000000e+00
0.000000000000000000e+00
0.000000000000000000e+00
0.000000000000000000e+00
9.830000000000000000e+02
9.420000000000000000e+02
9.750000000000000000e+02
7.300000000000000000e+02
8.290000000000000000e+02
9.690000000000000000e+02
9.790000000000000000e+02
9.910000000000000000e+02
0.000000000000000000e+00
9.950000000000000000e+02
9.940000000000000000e+02
9.770000000000000000e+02
0.000000000000000000e+00
0.000000000000000000e+00
0.000000000000000000e+00
0.000000000000000000e+00
0.000000000000000000e+00
0.000000000000000000e+00
0.000000000000000000e+00
0.000000000000000000e+00
0.000000000000000000e+00
8.720000000000000000e+02
0.000000000000000000e+00
0.000000000000000000e+00
0.000000000000000000e+00
0.000000000000000000e+00
0.000000000000000000e+00
0.000000000000000000e+00
0.000000000000000000e+00
0.000000000000000000e+00
0.000000000000000000e+00
9.900000000000000000e+02
9.650000000000000000e+02
9.950000000000000000e+02
9.940000000000000000e+02
9.990000000000000000e+02
9.870000000000000000e+02
9.940000000000000000e+02
9.970000000000000000e+02
9.950000000000000000e+02
0.000000000000000000e+00
9.980000000000000000e+02
9.880000000000000000e+02
0.000000000000000000e+00
7.140000000000000000e+02
0.000000000000000000e+00
0.000000000000000000e+00
0.000000000000000000e+00
0.000000000000000000e+00
8.470000000000000000e+02
0.000000000000000000e+00
0.000000000000000000e+00
9.930000000000000000e+02
7.850000000000000000e+02
9.840000000000000000e+02
0.000000000000000000e+00
0.000000000000000000e+00
0.000000000000000000e+00
0.000000000000000000e+00
0.000000000000000000e+00
0.000000000000000000e+00
0.000000000000000000e+00
9.940000000000000000e+02
9.760000000000000000e+02
9.930000000000000000e+02
9.220000000000000000e+02
9.990000000000000000e+02
9.860000000000000000e+02
9.950000000000000000e+02
9.930000000000000000e+02
9.940000000000000000e+02
9.980000000000000000e+02
0.000000000000000000e+00
9.970000000000000000e+02
0.000000000000000000e+00
9.800000000000000000e+02
0.000000000000000000e+00
0.000000000000000000e+00
0.000000000000000000e+00
0.000000000000000000e+00
8.170000000000000000e+02
9.520000000000000000e+02
0.000000000000000000e+00
8.220000000000000000e+02
7.670000000000000000e+02
0.000000000000000000e+00
0.000000000000000000e+00
0.000000000000000000e+00
7.380000000000000000e+02
8.610000000000000000e+02
0.000000000000000000e+00
7.330000000000000000e+02
7.190000000000000000e+02
0.000000000000000000e+00
8.930000000000000000e+02
8.540000000000000000e+02
9.840000000000000000e+02
8.690000000000000000e+02
0.000000000000000000e+00
7.130000000000000000e+02
8.650000000000000000e+02
9.770000000000000000e+02
9.880000000000000000e+02
9.970000000000000000e+02
0.000000000000000000e+00
0.000000000000000000e+00
8.190000000000000000e+02
0.000000000000000000e+00
0.000000000000000000e+00
0.000000000000000000e+00
0.000000000000000000e+00
0.000000000000000000e+00
0.000000000000000000e+00
0.000000000000000000e+00
8.000000000000000000e+02
9.400000000000000000e+02
0.000000000000000000e+00
0.000000000000000000e+00
0.000000000000000000e+00
8.300000000000000000e+02
7.370000000000000000e+02
8.100000000000000000e+02
9.930000000000000000e+02
9.960000000000000000e+02
0.000000000000000000e+00
8.740000000000000000e+02
0.000000000000000000e+00
0.000000000000000000e+00
0.000000000000000000e+00
0.000000000000000000e+00
0.000000000000000000e+00
0.000000000000000000e+00
0.000000000000000000e+00
0.000000000000000000e+00
0.000000000000000000e+00
0.000000000000000000e+00
0.000000000000000000e+00
7.950000000000000000e+02
0.000000000000000000e+00
0.000000000000000000e+00
0.000000000000000000e+00
0.000000000000000000e+00
9.350000000000000000e+02
9.690000000000000000e+02
0.000000000000000000e+00
9.230000000000000000e+02
7.250000000000000000e+02
0.000000000000000000e+00
7.320000000000000000e+02
0.000000000000000000e+00
0.000000000000000000e+00
8.590000000000000000e+02
0.000000000000000000e+00
8.190000000000000000e+02
8.840000000000000000e+02
0.000000000000000000e+00
9.550000000000000000e+02
0.000000000000000000e+00
7.880000000000000000e+02
0.000000000000000000e+00
0.000000000000000000e+00
0.000000000000000000e+00
0.000000000000000000e+00
0.000000000000000000e+00
7.140000000000000000e+02
9.800000000000000000e+02
8.190000000000000000e+02
7.950000000000000000e+02
0.000000000000000000e+00
8.340000000000000000e+02
0.000000000000000000e+00
0.000000000000000000e+00
0.000000000000000000e+00
0.000000000000000000e+00
0.000000000000000000e+00
0.000000000000000000e+00
0.000000000000000000e+00
0.000000000000000000e+00
0.000000000000000000e+00
0.000000000000000000e+00
0.000000000000000000e+00
0.000000000000000000e+00
0.000000000000000000e+00
0.000000000000000000e+00
0.000000000000000000e+00
0.000000000000000000e+00
0.000000000000000000e+00
0.000000000000000000e+00
0.000000000000000000e+00
0.000000000000000000e+00
0.000000000000000000e+00
0.000000000000000000e+00
0.000000000000000000e+00
0.000000000000000000e+00
0.000000000000000000e+00
0.000000000000000000e+00
0.000000000000000000e+00
0.000000000000000000e+00
0.000000000000000000e+00
8.340000000000000000e+02
0.000000000000000000e+00
0.000000000000000000e+00
0.000000000000000000e+00
0.000000000000000000e+00
9.950000000000000000e+02
0.000000000000000000e+00
0.000000000000000000e+00
0.000000000000000000e+00
0.000000000000000000e+00
0.000000000000000000e+00
0.000000000000000000e+00
0.000000000000000000e+00
0.000000000000000000e+00
0.000000000000000000e+00
0.000000000000000000e+00
0.000000000000000000e+00
0.000000000000000000e+00
0.000000000000000000e+00
0.000000000000000000e+00
0.000000000000000000e+00
0.000000000000000000e+00
0.000000000000000000e+00
0.000000000000000000e+00
0.000000000000000000e+00
0.000000000000000000e+00
0.000000000000000000e+00
0.000000000000000000e+00
0.000000000000000000e+00
0.000000000000000000e+00
0.000000000000000000e+00
0.000000000000000000e+00
0.000000000000000000e+00
0.000000000000000000e+00
0.000000000000000000e+00
0.000000000000000000e+00
9.950000000000000000e+02
0.000000000000000000e+00
0.000000000000000000e+00
0.000000000000000000e+00
0.000000000000000000e+00
0.000000000000000000e+00
0.000000000000000000e+00
0.000000000000000000e+00
0.000000000000000000e+00
0.000000000000000000e+00
0.000000000000000000e+00
0.000000000000000000e+00
0.000000000000000000e+00
0.000000000000000000e+00
0.000000000000000000e+00
0.000000000000000000e+00
0.000000000000000000e+00
0.000000000000000000e+00
0.000000000000000000e+00
0.000000000000000000e+00
0.000000000000000000e+00
0.000000000000000000e+00
0.000000000000000000e+00
0.000000000000000000e+00
0.000000000000000000e+00
0.000000000000000000e+00
0.000000000000000000e+00
0.000000000000000000e+00
0.000000000000000000e+00
0.000000000000000000e+00
